100129480
100129583
100133941
10020
10040
100506658
10053
100532726
10207
10256
102724720
102724788
10402
10406
10451
10483
105376526
10551
10647
10653
10788
10809
10939
10942
11112
11135
1116
11240
114907
115677
116496
117159
117177
118430
118611
119559
120224
121506
123099
124220
124975
126969
128218
135932
1364
1366
143458
143662
144348
145282
146439
146857
1474
147645
148327
148808
149466
150696
151354
152519
154091
155066
157638
158584
159195
160760
162979
165679
1672
171177
171546
1717
1718
178
1780
1824
1836
1837
1838
1846
1944
1945
1999
2001
200728
201501
202374
2035
2049
2064
2115
214
2150
2166
2167
2180
2181
219738
219970
2203
222
222484
2272
22808
22824
2288
22925
22996
23170
23171
23242
2327
2330
23303
23321
23327
2346
23576
23624
23677
247
2487
2524
253152
253190
2591
25928
26
260293
26053
26095
26298
2651
26751
2678
27075
27199
27250
27347
2746
2762
2805
2820
283229
283820
284252
284654
288
2886
2891
28983
291
2969
3012
306
3091
3141
3158
3176
3291
340252
3418
344905
351
3673
3696
3709
374454
374655
3783
3854
3855
3856
3861
3866
3868
3872
3875
3880
389336
389337
394
399694
400451
4008
400961
4057
4070
4072
4133
4179
4250
4257
4316
4482
4646
4680
4719
476
481
4856
4886
489
4891
5002
5045
5091
51150
51361
51495
5165
51754
51809
5191
5209
5217
5291
5295
5304
5318
53354
54097
54101
54102
54502
54762
548645
54869
54874
54897
54996
54997
55054
55107
55144
55200
55366
55540
5567
5570
55755
55852
55890
56242
56256
563
56477
5652
56913
56994
57142
57180
57211
57222
57412
57447
57552
57669
57758
5792
5831
5834
5867
6286
6288
6289
6319
6337
634
6385
63898
63941
64087
64116
64122
6422
64225
64283
64284
64762
64798
64841
6510
6517
6535
6558
6563
6583
6653
6692
6715
6720
6768
6920
6926
7103
7108
7110
7163
7164
729852
7494
7582
760
7644
765
7697
780
79085
79098
79135
79144
79158
79589
79695
79696
79703
79755
79818
8034
80352
80772
81031
81607
8190
8321
833
8349
83541
83690
83699
8382
8395
83988
84141
84152
8435
84612
84708
84818
84952
8507
8537
85379
85444
85457
8612
8626
8635
8645
8763
9052
9053
90701
9071
9073
9135
9175
91894
92421
92840
9289
9368
9413
9497
9618
9677
9723
9725
9830
9848
9980
999
100
100130733
100134938
10019
100289678
1003
10044
100506144
100528032
100913187
10093
10095
1012
10186
10194
10252
10266
10267
10272
102724229
1028
10319
10351
1036
10365
10379
10395
10398
10410
10411
10417
10418
1043
10435
10516
10538
10544
10561
10581
10630
10631
10750
10791
10850
10870
10874
10875
10894
109
10964
10974
11000
11005
11035
11067
11069
11151
11167
11170
11185
11200
11202
11211
1123
11230
11245
112464
11259
11270
11309
11326
11328
11332
11343
1149
115207
115361
115908
116039
116835
117248
117289
118460
121214
1215
125
125981
1263
126393
1264
127435
1277
1278
128077
1281
1282
1284
1289
1290
1291
1292
1293
13
130271
1303
130497
1307
131450
133
133584
134265
1359
1381
1396
140462
140564
1435
1440
144203
144402
145226
1471
147495
1475
1490
149708
1511
1513
151473
151887
152007
152273
152503
154661
155038
1601
161198
163351
1634
164091
165
1675
170575
171024
1734
1796
1805
1809
1839
1842
1874
1879
1893
19
1902
1910
1958
1960
196740
196883
1978
199800
2004
2006
201163
2014
2022
2039
204219
2054
2078
2099
2113
2122
2159
216
2162
2171
2173
218
2191
2192
219348
2199
2200
2202
220323
2206
220965
221472
221476
221692
2219
223117
2260
2273
22795
22915
22943
2308
23102
2312
23129
2316
23166
23178
23179
23187
23213
2323
23345
2335
23430
23452
23462
23498
2350
23500
23581
2359
23768
241
245812
2533
2534
2537
253827
254428
256281
256691
256949
25878
25890
25891
25900
25903
25927
259307
25959
25975
260434
26085
2615
2624
2633
2669
2674
2687
2702
27090
271
27122
27289
27303
2771
2791
2822
2823
28232
283298
284018
284486
285
285313
2869
287
2878
2882
28954
28959
29108
29121
2949
2995
29964
29986
29992
30008
3002
3034
3037
3039
3040
3043
3055
3075
3082
30846
3105
3107
3133
3134
3217
3235
3303
3304
3315
3316
3371
3383
3384
338657
3394
340061
341
3429
3430
3437
344752
347
347733
3479
348
348013
3481
3485
3486
3487
3488
3489
3557
3561
3563
3574
358
359845
3601
3603
3665
3671
3678
3680
374378
375791
3759
3791
383
3848
3858
3860
388372
388533
389119
390940
3910
3912
3915
3956
3957
3963
3965
401115
4015
4016
4017
4033
4035
4046
4050
4052
4056
4060
4063
4121
4129
4131
414062
4162
4208
4211
4237
4239
4242
4267
4313
4327
4332
4337
4345
439921
440712
4499
4600
4629
4638
4681
4689
474344
4772
4773
4811
4815
4818
4837
4854
4907
4913
4922
493869
4940
4969
5010
50486
5054
50807
50810
51063
51148
51162
51171
5118
5121
51225
51257
51320
5136
51372
5138
51450
51466
51554
5156
5157
51673
5168
5176
5212
5228
5243
5266
5270
5272
5275
5311
5327
5328
53405
5348
5350
5354
5360
5362
5376
53827
53947
5396
54
54210
54331
54360
54434
54509
54510
54538
54567
54587
54739
54843
54900
54910
54952
54985
55022
55076
55273
55281
55287
552900
55331
55340
55365
554
5549
55509
55679
558
5580
55843
5585
55901
5595
55957
56265
5646
5654
56901
56944
5696
56967
5698
56999
57007
57124
57152
57157
5730
57333
57381
5742
57452
57458
57480
57639
5764
57823
57863
5788
5790
5791
5793
5802
58494
5880
59
59082
5919
5959
5996
6001
6004
6035
6158
6236
6237
624
6274
6275
6278
6279
6280
6285
629
6317
6318
6320
633
6347
6348
6349
6351
6352
6355
6363
6364
6366
6368
6387
639
63940
6401
64073
64092
64094
64098
64115
64167
641700
64174
6423
6424
643161
643414
64411
6444
64499
64785
6515
653499
654483
654790
6560
6566
658
6586
6591
660
66002
66004
6615
6623
6649
6678
6698
6699
6752
6781
6793
684
6867
6869
6876
6919
6925
6948
695
7033
7035
7041
7045
7053
7058
7059
7070
7075
7076
7077
7099
710
7106
712
7122
7127
713
7130
714
7145
715
716
7169
7177
718
72
7216
728715
730
7305
7318
7357
7373
7378
7412
7424
7431
7450
7462
7474
7481
7782
781
783
7837
784
7852
79140
79148
7940
79630
79652
79772
79785
79792
79817
79843
79845
79974
800
80114
80310
80740
80741
80760
80765
80781
80820
80833
80864
81575
81855
8309
83442
83468
83483
83595
83605
83643
83700
83706
83716
83758
83871
83872
83878
83982
8404
84058
8406
84166
84168
8425
8434
8436
84417
845
84518
8460
84632
84701
84807
8490
8519
8530
8532
8542
8544
857
8581
8613
862
8638
8639
8710
8771
8821
8843
8909
8910
894
89777
8985
89927
9021
9037
9046
90523
9056
9068
9079
90952
9124
916
91624
91663
9168
91851
920
92162
92196
9220
92241
9235
9246
9260
93099
9315
93349
9351
9353
94
94274
945
9454
947
9510
953
9535
9547
9560
9582
9586
9590
9636
9638
969
974
9744
9749
975
9839
9843
9844
9922
994
9976
9982
