84649
29842
255349
79085
200879
6510
5191
2001
63941
9058
389493
2104
374454
2969
4589
102724788
6558
2346
50617
23428
10298
154091
92840
79589
4072
23321
4886
5013
5909
2678
283820
1128
255104
389816
158584
64284
5318
166815
22849
4680
9618
1829
5165
3694
54762
85457
55783
79647
55972
55503
5172
60598
284654
23007
5570
5002
2299
27199
481
118430
57758
23382
3291
84612
9071
1364
3158
999
2891
1116
6720
56994
102724720
201501
5284
9415
2086
155066
26
7039
135932
319089
51809
10279
288
5209
23242
7368
3854
4257
6653
7103
11254
85415
2019
1040
2651
476
101929601
253190
2330
81031
1824
10321
79674
2705
1101
2180
79098
4057
7180
3696
9368
27293
6289
22934
114907
399694
55349
8382
55540
401546
27134
4495
8645
64116
400961
2181
124975
5834
9723
400451
5357
6692
79144
23171
83541
80131
6337
7494
131177
5045
1945
84141
79158
489
92737
6288
80705
84947
9980
148327
9677
1131
64699
5304
54869
8034
155006
1047
634
8763
8395
22925
3861
2746
26996
1365
3866
54997
100532726
9073
5446
2045
147798
4856
56477
22808
7021
525
2115
2888
347475
362
100506658
5567
84152
4316
25928
27347
27232
1836
11240
121506
118980
6422
84561
389084
4604
4889
2820
4151
4250
79170
65987
147645
3855
2153
956
5291
153328
1048
3709
6607
83988
100129583
4676
2064
11197
171546
3875
23286
5865
79152
23576
11234
1999
92421
256764
51150
54101
6926
84766
247
223075
23366
65268
2348
83959
284402
3783
64409
219970
3856
128218
6286
5652
10551
344905
765
260293
2049
4241
2487
8321
1944
387923
8190
57221
200728
9914
563
6319
23170
10788
257407
124220
7433
152015
202374
57535
150084
214
126969
8635
28
55755
306
10402
57619
7113
54996
347735
9052
203859
54566
342667
9455
115111
57669
9649
6565
149466
145773
3872
22996
114
25803
1366
54763
