100
100127983
100129480
100130733
100133941
10019
10020
100271927
100288332
100289279
1003
10040
100506144
100506658
100526693
10053
100532726
100913187
10095
1012
10156
10186
10194
10207
10252
10256
10266
10267
102724229
102724720
102724788
10298
10351
1036
10365
10379
10395
10398
10406
10410
10417
10418
1043
10435
10451
10483
10516
10525
105376526
10538
10544
10581
10630
10647
10653
10741
10788
10791
107987363
10809
10870
10871
10874
10875
10894
109
10964
10974
11005
11007
11030
11031
11035
11046
11069
11118
11135
11151
11153
1116
11167
1117
11170
11185
11200
11202
11211
1123
11230
11240
11245
112464
11259
112609
11270
11309
113178
113189
11326
11328
11332
11343
11346
114569
1149
114907
115207
115361
115908
116039
116496
116835
117159
117177
117248
117289
118430
118460
118611
119559
12
120224
121214
1215
121506
123099
124220
124540
124975
125
125981
1263
126393
1264
126669
126969
1272
127435
1278
128077
1282
128218
1284
1289
1291
1292
1293
13
130271
130497
1307
131450
133584
134265
1359
135932
1364
1366
1381
1396
140462
140606
140711
1415
143458
1435
143662
143903
1440
144203
144348
144402
145226
145282
145788
146439
146850
146857
1471
1474
147495
1475
147645
148327
148808
1490
149466
149708
150696
1511
1513
151354
151473
151887
152007
152273
152503
152519
153328
153562
1536
153769
1545
154661
155038
155066
157638
159195
1601
160760
161198
162979
163351
1634
164091
165
165679
1672
1674
1675
168507
168537
170575
171024
171177
171546
1717
1718
1734
178
1780
1796
1805
1808
1809
1824
1825
1829
1836
1838
1842
1846
1879
1893
19
1901
1902
1910
1944
1945
1958
196740
1978
199800
1999
2001
2004
2006
200634
201163
2014
201501
2022
202243
202374
2039
2054
2064
2065
2078
2113
2115
2118
214
2150
2159
216
2162
2171
2173
2180
2181
2191
2192
219348
2199
219970
219972
2200
2202
2203
220323
2206
2207
2213
221303
221395
221472
221476
221692
2219
222
222484
223
2260
2263
2272
2273
22795
22808
22824
22849
2288
22885
22909
22914
22915
22924
22925
22934
22943
22949
22996
231
23102
23129
2316
23166
23170
23171
23179
23187
23208
2321
23213
2323
23242
2330
23303
23321
23345
2335
23380
23382
23428
23430
23443
23452
2346
23460
23462
23498
2350
23581
2359
23643
23650
23677
241
245812
247
2487
2512
2524
253152
253190
2533
2534
2537
253827
255104
256691
256949
25878
2589
25890
25891
25903
2591
25927
25928
259307
25959
25975
25984
260293
260425
260434
26052
26053
26085
26093
26095
2615
2624
26298
2633
2651
2669
2674
26751
2676
2678
2687
26996
2702
27075
27122
27145
27199
27233
27250
27293
27303
27347
2746
2771
2788
2791
2805
2820
2823
28232
283229
283298
284018
284252
284348
284390
284486
285
285313
2869
287
2878
288
2886
2887
2888
2891
28954
28959
28983
28996
291
29108
2926
2949
2969
29780
2995
29992
30008
3002
3003
3012
3034
3037
3039
3040
3043
3055
3059
306
3075
3082
3091
3092
3105
3108
3133
3134
3141
3158
316
3176
3212
3217
3235
3268
3290
3291
3304
3315
3316
3321
3371
3383
3384
3394
340061
340252
341
3418
3428
3429
3430
3437
344752
344905
347
347733
347735
3479
348
348013
3481
3485
3487
3488
3489
351
353091
3557
3561
3563
3574
358
359845
3600
3601
3603
3627
3664
3671
3678
3696
3709
3728
374378
375791
3759
3783
3791
383
3848
3849
3854
3855
3856
3858
3860
3861
3866
3868
3872
3875
387758
3880
388372
388533
389119
389125
389336
389337
3910
3912
3914
3915
394
3953
3956
3957
3963
3965
3993
399694
400451
4008
400961
401115
401145
4015
4017
4033
4035
4046
4050
4052
4056
4057
4060
4070
4094
411
4121
4129
4131
4133
4162
4179
4208
4211
4215
4237
4239
4242
4250
4267
4313
4321
4327
4332
4337
439921
4495
4499
4600
4629
4638
4646
4680
4681
4689
474344
476
481
4811
4815
4818
482
4837
4854
4856
4886
489
4907
4922
493869
4940
4969
5002
5010
5045
50486
5051
5054
50807
50810
51063
51148
51162
51171
5118
5121
51225
51226
51257
5127
51320
51337
5136
51361
51372
5138
51430
51450
51466
51495
51554
5156
5157
5165
51661
51673
5168
51690
5175
51754
5176
51809
5191
5209
5212
5217
5228
5243
5265
5266
5270
5272
5275
5295
5304
5311
5318
5327
5328
53405
5348
5349
5350
5354
5360
5362
5376
53827
53831
53947
5396
54
54020
54097
54101
54210
54331
54360
54434
54438
5446
54502
54509
54510
54538
54567
54587
54739
54810
54843
54845
54866
54869
54874
54897
54974
54996
54997
55022
55054
5507
55076
55107
55144
55273
55281
55287
552900
55303
55323
55340
55349
55365
55366
554
5549
55526
55540
5567
55679
5570
55755
558
55816
55843
5585
55852
55890
55901
5595
55957
56242
56265
563
5646
56477
5649
5652
5654
56901
56913
56944
56967
5698
5699
56994
56999
57007
57124
57142
57152
57180
57211
57221
57222
5730
57333
57381
57447
57452
57458
57477
57480
57493
57519
57552
57630
5764
57648
57669
57758
57863
5790
5791
5792
5793
5802
5825
5831
5834
58494
5860
5864
5867
5880
59
59082
5919
5959
5996
6001
6003
6004
6035
60489
60509
6158
6236
6237
624
6274
6275
6277
6278
6279
6280
6281
6284
6285
6286
6288
6289
629
6317
6318
6319
6320
633
6337
634
6347
6348
6349
6351
6352
6355
6357
6358
6363
6364
6366
6368
638
6382
6385
6387
639
63926
63940
63941
6401
64080
64087
64092
64094
64098
64115
64116
64122
64131
64167
641700
64174
6422
64225
6423
64231
6424
64283
64284
643161
643414
6444
64499
6450
64762
64785
64787
64798
64841
6510
6515
6517
653464
653499
6535
653857
654483
654790
6558
6560
6563
6566
658
6583
6586
6591
660
66004
6623
6649
6653
6678
6692
6698
6699
6715
6720
6752
6768
6781
6813
684
6867
6876
6913
6919
6925
6926
6947
6948
695
7033
7035
7041
7045
7048
7058
7059
7070
7075
7076
7077
7078
7096
7099
710
7103
7106
7108
712
7122
7127
713
7130
714
715
716
7163
7164
7169
7177
718
72
7216
728715
729852
730
730268
7305
7318
7357
7373
7378
7412
7424
7431
7450
7456
7462
7474
7481
7494
7582
7586
760
7644
771
7782
780
781
783
7837
7903
79057
79083
79085
79135
79140
79144
79158
7940
79589
79630
79652
79695
79696
79703
79709
79730
79750
79755
79772
79785
79792
79817
79818
79834
79843
79845
79974
800
80114
80243
80310
80352
80380
80740
80741
8076
80760
80765
80772
80781
80820
80833
80864
81031
81575
81607
81855
8190
822
8291
8309
8321
833
8339
83442
83468
8349
83541
83595
83605
83643
83690
83700
83706
83716
8382
83871
83878
8395
83982
83988
8404
84058
8406
84080
84141
84152
84166
84168
8425
84281
84331
8434
8435
8436
84417
845
84518
8460
84612
84632
84649
84701
84708
84807
84818
8490
84947
8495
84952
84958
8507
8519
8530
8532
8537
85379
8542
8543
8544
85457
85477
857
8581
861
8612
8613
862
8638
8639
8645
8685
8710
8763
8771
8821
8829
8843
8905
8909
8910
894
89777
8985
89927
90141
9021
9037
9046
9052
9053
9056
90701
9071
9073
9076
9079
90952
91057
9124
9135
914
916
9168
9175
91851
91894
920
92162
92241
9235
92421
9246
9260
92840
9289
93035
9315
93349
9351
9353
9368
94
9415
94274
9454
947
9501
9507
9510
953
9535
9547
955
9560
9582
9586
9590
9618
9636
9638
9658
9677
968
969
972
9723
9725
974
9749
975
9839
9844
9848
9890
9922
9976
9980
9982
999
