100129480
100133941
10020
10040
100506658
10053
100532726
10207
10256
102724720
102724788
10298
10406
10451
10483
10525
105376526
10647
10653
10741
10788
10809
11135
11153
1116
1117
11240
113178
114569
114907
116496
117159
117177
118430
118611
119559
12
120224
121506
123099
124220
124540
124975
126969
128218
135932
1364
1366
143458
143662
144348
145282
145788
146439
146857
1474
147645
148327
148808
149466
150696
151354
152519
153328
153562
153769
155066
157638
159195
160760
162979
165679
1672
171177
171546
1717
1718
178
1780
1824
1825
1829
1836
1838
1846
1944
1945
1999
2001
200634
201501
202243
202374
2064
2065
2115
2118
214
2150
2180
2181
219970
2203
222
222484
223
2263
2272
22808
22824
22849
2288
22909
22924
22925
22934
22949
22996
23170
23171
23242
2330
23303
23321
23382
23428
23443
2346
23650
23677
247
2487
2524
253152
253190
255104
2589
2591
25928
25984
260293
260425
26053
26095
26298
2651
26751
2678
26996
27075
27199
27250
27293
27347
2746
2788
2805
2820
283229
284252
284348
284390
288
2886
2888
2891
28983
28996
291
2926
2969
3012
306
3091
3141
3158
3176
3212
3268
3291
3321
340252
3418
344905
347735
351
3664
3696
3709
3728
3783
3849
3854
3855
3856
3861
3866
3868
3872
3875
3880
389336
389337
3914
394
3993
399694
400451
4008
400961
401145
4057
4070
4133
4179
4250
4495
4646
4680
476
481
4856
4886
489
5002
5045
5051
5127
51337
51361
51430
51495
5165
51754
51809
5191
5209
5217
5295
5304
5318
5349
54020
54097
54101
5446
54502
54845
54866
54869
54874
54897
54996
54997
55054
5507
55107
55144
55349
55366
55526
55540
5567
5570
55755
55816
55852
55890
56242
563
56477
5652
56913
56994
57142
57180
57211
57221
57222
57447
57552
57630
57648
57669
57758
5792
5825
5831
5834
5860
5864
5867
60509
6286
6288
6289
6319
6337
634
638
6382
6385
63926
63941
64080
64087
64116
64122
6422
64225
64283
64284
6450
64762
64787
64798
64841
6510
6517
6535
653857
6558
6563
6583
6653
6692
6715
6720
6768
6813
6926
6947
7096
7103
7108
7163
7164
729852
7494
7582
7586
760
7644
771
780
79083
79085
79135
79144
79158
79589
79695
79696
79703
79730
79755
79818
80352
80772
81031
81607
8190
8321
833
8339
8349
83541
83690
8382
8395
83988
84141
84152
84281
84331
8435
84612
84649
84708
84818
84947
8495
84952
84958
8507
8537
85379
8543
85457
85477
861
8612
8645
8763
90141
9052
9053
90701
9071
9073
9076
91057
9135
9175
91894
92421
92840
9289
9368
9415
955
9618
9677
9723
9725
9848
9980
999
