100
100127983
100130733
10019
100271927
100288332
100289279
1003
100506144
100526693
100913187
10095
1012
10156
10186
10194
10252
10266
10267
102724229
10351
1036
10365
10379
10395
10398
10410
10417
10418
1043
10435
10516
10538
10544
10581
10630
10791
107987363
10870
10871
10874
10875
10894
109
10964
10974
11005
11007
11030
11031
11035
11046
11069
11118
11151
11167
11170
11185
11200
11202
11211
1123
11230
11245
112464
11259
112609
11270
11309
113189
11326
11328
11332
11343
11346
1149
115207
115361
115908
116039
116835
117248
117289
118460
121214
1215
125
125981
1263
126393
1264
126669
1272
127435
1278
128077
1282
1284
1289
1291
1292
1293
13
130271
130497
1307
131450
133584
134265
1359
1381
1396
140462
140606
140711
1415
1435
143903
1440
144203
144402
145226
146850
1471
147495
1475
1490
149708
1511
1513
151473
151887
152007
152273
152503
1536
1545
154661
155038
1601
161198
163351
1634
164091
165
1674
1675
168507
168537
170575
171024
1734
1796
1805
1808
1809
1842
1879
1893
19
1901
1902
1910
1958
196740
1978
199800
2004
2006
201163
2014
2022
2039
2054
2078
2113
2159
216
2162
2171
2173
2191
2192
219348
2199
219972
2200
2202
220323
2206
2207
2213
221303
221395
221472
221476
221692
2219
2260
2273
22795
22885
22914
22915
22943
231
23102
23129
2316
23166
23179
23187
23208
2321
23213
2323
23345
2335
23380
23430
23452
23460
23462
23498
2350
23581
2359
23643
241
245812
2512
2533
2534
2537
253827
256691
256949
25878
25890
25891
25903
25927
259307
25959
25975
260434
26052
26085
26093
2615
2624
2633
2669
2674
2676
2687
2702
27122
27145
27233
27303
2771
2791
2823
28232
283298
284018
284486
285
285313
2869
287
2878
2887
28954
28959
29108
2949
29780
2995
29992
30008
3002
3003
3034
3037
3039
3040
3043
3055
3059
3075
3082
3092
3105
3108
3133
3134
316
3217
3235
3290
3304
3315
3316
3371
3383
3384
3394
340061
341
3428
3429
3430
3437
344752
347
347733
3479
348
348013
3481
3485
3487
3488
3489
353091
3557
3561
3563
3574
358
359845
3600
3601
3603
3627
3671
3678
374378
375791
3759
3791
383
3848
3858
3860
387758
388372
388533
389119
389125
3910
3912
3915
3953
3956
3957
3963
3965
401115
4015
4017
4033
4035
4046
4050
4052
4056
4060
4094
411
4121
4129
4131
4162
4208
4211
4215
4237
4239
4242
4267
4313
4321
4327
4332
4337
439921
4499
4600
4629
4638
4681
4689
474344
4811
4815
4818
482
4837
4854
4907
4922
493869
4940
4969
5010
50486
5054
50807
50810
51063
51148
51162
51171
5118
5121
51225
51226
51257
51320
5136
51372
5138
51450
51466
51554
5156
5157
51661
51673
5168
51690
5175
5176
5212
5228
5243
5265
5266
5270
5272
5275
5311
5327
5328
53405
5348
5350
5354
5360
5362
5376
53827
53831
53947
5396
54
54210
54331
54360
54434
54438
54509
54510
54538
54567
54587
54739
54810
54843
54974
55022
55076
55273
55281
55287
552900
55303
55323
55340
55365
554
5549
55679
558
55843
5585
55901
5595
55957
56265
5646
5649
5654
56901
56944
56967
5698
5699
56999
57007
57124
57152
5730
57333
57381
57452
57458
57477
57480
57493
57519
5764
57863
5790
5791
5793
5802
58494
5880
59
59082
5919
5959
5996
6001
6003
6004
6035
60489
6158
6236
6237
624
6274
6275
6277
6278
6279
6280
6281
6284
6285
629
6317
6318
6320
633
6347
6348
6349
6351
6352
6355
6357
6358
6363
6364
6366
6368
6387
639
63940
6401
64092
64094
64098
64115
64131
64167
641700
64174
6423
64231
6424
643161
643414
6444
64499
64785
6515
653464
653499
654483
654790
6560
6566
658
6586
6591
660
66004
6623
6649
6678
6698
6699
6752
6781
684
6867
6876
6913
6919
6925
6948
695
7033
7035
7041
7045
7048
7058
7059
7070
7075
7076
7077
7078
7099
710
7106
712
7122
7127
713
7130
714
715
716
7169
7177
718
72
7216
728715
730
730268
7305
7318
7357
7373
7378
7412
7424
7431
7450
7456
7462
7474
7481
7782
781
783
7837
7903
79057
79140
7940
79630
79652
79709
79750
79772
79785
79792
79817
79834
79843
79845
79974
800
80114
80243
80310
80380
80740
80741
8076
80760
80765
80781
80820
80833
80864
81575
81855
822
8291
8309
83442
83468
83595
83605
83643
83700
83706
83716
83871
83878
83982
8404
84058
8406
84080
84166
84168
8425
8434
8436
84417
845
84518
8460
84632
84701
84807
8490
8519
8530
8532
8542
8544
857
8581
8613
862
8638
8639
8685
8710
8771
8821
8829
8843
8905
8909
8910
894
89777
8985
89927
9021
9037
9046
9056
9079
90952
9124
914
916
9168
91851
920
92162
92241
9235
9246
9260
93035
9315
93349
9351
9353
94
94274
9454
947
9501
9507
9510
953
9535
9547
9560
9582
9586
9590
9636
9638
9658
968
969
972
974
9749
975
9839
9844
9890
9922
9976
9982
