100129480
100129583
100133941
10020
10040
100506658
10053
100532726
10207
10256
102724720
102724788
10402
10406
10451
10483
105376526
10551
10647
10653
10788
10809
10939
10942
11112
11135
1116
11240
114907
115677
116496
117159
117177
118430
118611
119559
120224
121506
123099
124220
124975
126969
128218
135932
1364
1366
143458
143662
144348
145282
146439
146857
1474
147645
148327
148808
149466
150696
151354
152519
154091
155066
157638
158584
159195
160760
162979
165679
1672
171177
171546
1717
1718
178
1780
1824
1836
1837
1838
1846
1944
1945
1999
2001
200728
201501
202374
2035
2049
2064
2115
214
2150
2166
2167
2180
2181
219738
219970
2203
222
222484
2272
22808
22824
2288
22925
22996
23170
23171
23242
2327
2330
23303
23321
23327
2346
23576
23624
23677
247
2487
2524
253152
253190
2591
25928
26
260293
26053
26095
26298
2651
26751
2678
27075
27199
27250
27347
2746
2762
2805
2820
283229
283820
284252
284654
288
2886
2891
28983
291
2969
3012
306
3091
3141
3158
3176
3291
340252
3418
344905
351
3673
3696
3709
374454
374655
3783
3854
3855
3856
3861
3866
3868
3872
3875
3880
389336
389337
394
399694
400451
4008
400961
4057
4070
4072
4133
4179
4250
4257
4316
4482
4646
4680
4719
476
481
4856
4886
489
4891
5002
5045
5091
51150
51361
51495
5165
51754
51809
5191
5209
5217
5291
5295
5304
5318
53354
54097
54101
54102
54502
54762
548645
54869
54874
54897
54996
54997
55054
55107
55144
55200
55366
55540
5567
5570
55755
55852
55890
56242
56256
563
56477
5652
56913
56994
57142
57180
57211
57222
57412
57447
57552
57669
57758
5792
5831
5834
5867
6286
6288
6289
6319
6337
634
6385
63898
63941
64087
64116
64122
6422
64225
64283
64284
64762
64798
64841
6510
6517
6535
6558
6563
6583
6653
6692
6715
6720
6768
6920
6926
7103
7108
7110
7163
7164
729852
7494
7582
760
7644
765
7697
780
79085
79098
79135
79144
79158
79589
79695
79696
79703
79755
79818
8034
80352
80772
81031
81607
8190
8321
833
8349
83541
83690
83699
8382
8395
83988
84141
84152
8435
84612
84708
84818
84952
8507
8537
85379
85444
85457
8612
8626
8635
8645
8763
9052
9053
90701
9071
9073
9135
9175
91894
92421
92840
9289
9368
9413
9497
9618
9677
9723
9725
9830
9848
9980
999
